6 4
0 0 6 0
1 0 1 1
1 3 1 3
0 3 0 3
3 1 3 4
5 0 5 1
5 3 5 3
-1
6 4
0 4 6 0
1 0 1 1
1 3 1 3
0 3 0 3
3 1 3 4
5 0 5 1
5 3 5 3
-1
6 4
6 4 6 0
1 0 1 1
1 3 1 3
0 3 0 3
3 1 3 4
5 0 5 1
5 3 5 3
-1
6 5
0 0 6 0
1 0 1 1
1 3 1 3
3 1 3 4
5 0 5 1
5 3 5 3
-1
6 4
0 0 6 0
1 0 1 1
1 3 1 3
0 3 0 3
3 1 3 2
3 4 3 4
5 0 5 1
5 3 5 3
-1
6 4
3 0 6 0
1 0 1 1
1 3 1 3
0 3 0 3
3 1 3 4
5 0 5 1
5 3 5 3
-1
6 4
0 3 6 0
1 0 1 1
1 3 1 3
0 3 0 3
3 1 3 4
5 0 5 1
5 3 5 3
-1
4 4
1 1 3 3
0 2 4 2
-1
1 1
0 0 1 1
0 1 0 1
-1
3 3
0 0 3 3
2 0 3 2
-1